epoch,lr,train_loss,train_accuracy,val_loss,val_accuracy,val_macro_f1,val_trial_accuracy,val_k3,ema_loss,ema_accuracy,seconds
1,5.9999999999999995e-05,1.3383854150772094,0.5005681818181819,0.9560108975360267,0.6434210526315789,0.6408903955431654,0.875,0.7044117647058824,1.6104543623171355,0.17763157894736842,10.852441499999259
2,0.00011999999999999999,1.131221424883062,0.6493181818181818,0.6933130214088842,0.7421052631578947,0.7216999073622421,0.9,0.7838235294117647,1.6139327224932218,0.2,10.538457599999674
3,0.00018,0.9706268115477128,0.7492045454545454,0.5835638328602439,0.7802631578947369,0.7708649413380235,0.875,0.8147058823529412,1.6259290230901617,0.2,10.553679299999203
4,0.00023999999999999998,0.9135030143911188,0.793409090909091,0.41672357665865045,0.8697368421052631,0.8683359048557884,1.0,0.9382352941176471,1.6556820543188797,0.2,10.553990899999917
5,0.0003,0.8683970863168889,0.8144318181818182,0.4333717136006606,0.843421052631579,0.8409326607451236,0.975,0.8838235294117647,1.7155523996604116,0.2,10.545587699998578
6,0.00035999999999999997,0.8728576612472534,0.8140909090909091,0.36816570931359344,0.881578947368421,0.8822416842278719,1.0,0.9441176470588235,1.835449220632252,0.2,10.52804809999725
7,0.00042,0.8333429403738543,0.8298863636363636,0.40082754931951825,0.8934210526315789,0.892617322065607,1.0,0.9397058823529412,1.9813412296144586,0.2,10.574641700000939
8,0.0004799999999999999,0.8555076334693215,0.8328409090909091,0.43566444829890605,0.8855263157894737,0.8864424406184306,1.0,0.9485294117647058,2.1642218332541616,0.2,10.574130800003331
9,0.00054,0.8183123360980641,0.8421590909090909,0.3500816737350665,0.9092105263157895,0.9080786685192402,1.0,0.9544117647058824,2.2957599846940293,0.2,10.569227399999363
10,0.0005999999999999998,0.793980639631098,0.8501136363636363,0.4807351350784302,0.8328947368421052,0.8299580851235444,0.975,0.8794117647058823,2.4168739729805995,0.2,10.498478000001342
11,0.0006,0.7913951089165427,0.8598863636363636,0.51332380410872,0.8105263157894737,0.8074574167214577,0.95,0.8411764705882353,2.493753533614309,0.2,10.592949099998805
12,0.0005999235075645696,0.7900046537139199,0.8605681818181818,0.43224330764067803,0.8789473684210526,0.8798754376495579,1.0,0.9367647058823529,2.546420449332187,0.2,10.541175599999406
13,0.0005996940693306837,0.8126143836975097,0.8561363636363636,0.41696845575382835,0.8881578947368421,0.8872194817030413,1.0,0.9455882352941176,2.518432938738873,0.2,10.57307740000033
14,0.0005993118024955998,0.7371128409559077,0.887159090909091,0.45691283564818536,0.868421052631579,0.8655808223707518,0.95,0.9073529411764706,2.599085757606908,0.2,10.56639770000038
15,0.0005987769023215627,0.7238979935646057,0.8930681818181818,0.41746408751136377,0.8644736842105263,0.8637025922110372,0.975,0.9147058823529411,2.6598716340566937,0.2,10.567148400001315
16,0.0005980896420360653,0.7580094361305236,0.8856818181818182,0.4109962212411981,0.8802631578947369,0.8796672517786828,1.0,0.9161764705882353,2.693948522994393,0.21842105263157896,10.561419400000887
17,0.0005972503726922827,0.7444476389884949,0.8881818181818182,0.343167455572831,0.8894736842105263,0.8896928728250376,1.0,0.9514705882352941,2.7444721435245714,0.2,10.564476200001081
18,0.0005962595229897549,0.7114918407526883,0.9035227272727273,0.4082065783048931,0.8631578947368421,0.8626475886521169,1.0,0.9264705882352942,2.7721519074941936,0.2,10.520850099997915
19,0.0005951175990554061,0.7382579463178461,0.8975,0.4253772942643417,0.868421052631579,0.8652481640721277,0.975,0.9161764705882353,2.7681569933891295,0.2,10.569737199999508
20,0.0005938251841850148,0.7094109122319655,0.9113636363636364,0.479841475110305,0.8315789473684211,0.8279132419459699,0.975,0.888235294117647,2.8032155883939645,0.2,10.559635499997967
21,0.0005923829385452652,0.6762036540291526,0.9188636363636363,0.46385286042564794,0.8407894736842105,0.8397235107416876,1.0,0.8911764705882353,2.8393861466332484,0.2013157894736842,10.517120199998317
22,0.0005907915988365347,0.6752813113819469,0.91875,0.3512696115594161,0.8842105263157894,0.8835880462024626,1.0,0.9647058823529412,2.8418114913137336,0.2118421052631579,10.528853200001322
23,0.0005890519779165858,0.7125987542759289,0.915,0.36479905686880415,0.8921052631578947,0.8911040719995391,1.0,0.95,2.8147433626024347,0.225,10.564833800002816
24,0.0005871649643853574,0.7236072607473893,0.9022727272727272,0.42870684171977796,0.8789473684210526,0.8768360566082402,1.0,0.9367647058823529,2.7672472508330093,0.2565789473684211,10.568312499999593
25,0.000585131522131068,0.694395706653595,0.9195454545454546,0.42706845026267204,0.8631578947368421,0.8616380797108609,1.0,0.9308823529411765,2.7688826711554277,0.26710526315789473,10.512297199999011
26,0.0005829526898378601,0.6739417273348028,0.9201136363636364,0.40622598842570656,0.868421052631579,0.8655131375900419,1.0,0.9235294117647059,2.755941452164399,0.2736842105263158,10.54817749999711
27,0.0005806295804552395,0.65718068968166,0.9363636363636364,0.4218578534690957,0.8618421052631579,0.8635710321551429,1.0,0.9161764705882353,2.7030638835932077,0.29736842105263156,10.526087800000823
28,0.0005781633806295796,0.6854862867702137,0.9151136363636364,0.3583127482941276,0.8973684210526316,0.8968897961236092,1.0,0.9529411764705882,2.5565377505202043,0.3171052631578947,10.55351299999893
29,0.0005755553500979822,0.6760821134393865,0.9226136363636364,0.3688188452469675,0.8907894736842106,0.8892132809706972,1.0,0.95,2.3075176025691784,0.33289473684210524,10.519476900000882
30,0.0005728068210448012,0.6826228424635801,0.9194318181818182,0.46593250600915204,0.8618421052631579,0.8584182210652618,0.975,0.8970588235294118,2.08356556202236,0.36578947368421055,10.564674600002036
31,0.0005699191974211625,0.6655715051564304,0.9331818181818182,0.3761607527732849,0.8894736842105263,0.8878230681320914,1.0,0.9441176470588235,1.8196781352946634,0.41842105263157897,10.556918499998574
32,0.0005668939542278249,0.6741494794325396,0.9239772727272727,0.38053105991137653,0.8776315789473684,0.8759575940520149,1.0,0.9264705882352942,1.5578803614566201,0.47368421052631576,10.542296499999793
33,0.0005637326367617472,0.6415532502261075,0.9338636363636363,0.3923790986600675,0.8723684210526316,0.8719995093546077,1.0,0.9397058823529412,1.3380460218379373,0.5236842105263158,10.55075829999987
34,0.0005604368598267504,0.6656235560503873,0.9221590909090909,0.37808982416203146,0.8881578947368421,0.8884723356592336,1.0,0.9514705882352941,1.1182813129926983,0.5828947368421052,10.579394200001843
35,0.0005570083069086733,0.6644798332994635,0.9295454545454546,0.40082044036764847,0.8881578947368421,0.8852484211666173,1.0,0.9294117647058824,0.9029382002981086,0.6421052631578947,10.586655299997801
36,0.0005534487293154471,0.6767646219513633,0.9290909090909091,0.4008402369524303,0.8763157894736842,0.8752745421689466,1.0,0.9308823529411765,0.7554905138517681,0.7013157894736842,10.560832200000732
37,0.0005497599452825259,0.6757208900018172,0.9275,0.4522231858027609,0.8631578947368421,0.8623120743920474,1.0,0.913235294117647,0.6531849911338404,0.7592105263157894,10.587128300001496
38,0.0005459438390441295,0.6507295086167075,0.9323863636363636,0.31791763242922333,0.9118421052631579,0.9113250839686386,1.0,0.9470588235294117,0.5789627282243026,0.7947368421052632,10.5550710000025
39,0.0005420023598707758,0.6563648793914101,0.9310227272727273,0.35448411734480606,0.8921052631578947,0.8910226544436369,1.0,0.9588235294117647,0.528899504950172,0.8157894736842105,10.551764399999229
40,0.0005379375210735911,0.6757569878751581,0.9276136363636364,0.3771071587738238,0.9,0.8992129664513783,1.0,0.9647058823529412,0.4889001134194826,0.8381578947368421,10.58706919999895
41,0.0005337513989759092,0.6293364869464527,0.9484090909090909,0.404554146528244,0.8789473684210526,0.8779198785211163,1.0,0.9338235294117647,0.4635171780460759,0.8486842105263158,10.541171599998052
42,0.0005294461318526833,0.6413429603793405,0.9431818181818182,0.35699832266882847,0.8881578947368421,0.8885694513365283,1.0,0.9382352941176471,0.4421166661538576,0.8565789473684211,10.581690600000002
43,0.0005250239188382536,0.6484068922563032,0.9417045454545454,0.38977693193837215,0.8960526315789473,0.8962986017751018,1.0,0.95,0.4215691613523584,0.8592105263157894,10.558585299997503
44,0.0005204870188030272,0.6349423003196716,0.9405681818181818,0.3502499238440865,0.9092105263157895,0.9086150311923735,1.0,0.9573529411764706,0.40775463643826937,0.8723684210526316,10.567477199998393
45,0.0005158377491996452,0.6519524975256487,0.9392045454545455,0.4542246749526576,0.8671052631578947,0.8658906477914717,1.0,0.9264705882352942,0.39594023792367233,0.8802631578947369,10.536559500000294
46,0.0005110784848792257,0.6626740260557695,0.9461363636363637,0.3665532152903707,0.8855263157894737,0.8850328791753774,1.0,0.9397058823529412,0.3855927307354777,0.8802631578947369,10.540854300001229
47,0.0005062116568782877,0.662962908744812,0.9307954545454545,0.44542900919914247,0.8776315789473684,0.8769910674953447,1.0,0.9161764705882353,0.3756803418460645,0.8828947368421053,10.59618319999936
48,0.0005012397511769754,0.6278913383050398,0.9460227272727273,0.42748983251421074,0.8644736842105263,0.8652924021267813,1.0,0.9411764705882353,0.36815856099128724,0.8855263157894737,10.571452200001659
49,0.0004961653074292177,0.6451825404167175,0.9468181818181818,0.44893453685860885,0.8671052631578947,0.8627085098525701,1.0,0.9308823529411765,0.361735053752598,0.8907894736842106,10.620860899998661
50,0.0004909909176654702,0.6524088920246471,0.9420454545454545,0.37483211316560444,0.8881578947368421,0.8869396688940515,1.0,0.9485294117647058,0.35578727628055373,0.8947368421052632,10.561726199997793
51,0.00048571922496870357,0.6649988592754711,0.9405681818181818,0.43249820847260323,0.8618421052631579,0.8619823463259045,1.0,0.9352941176470588,0.3508519822045376,0.9013157894736842,10.569850600000791
52,0.00048035292212431514,0.639570048939098,0.9436363636363636,0.455207865175448,0.8578947368421053,0.8536890598716207,1.0,0.9088235294117647,0.34646222905108803,0.9026315789473685,10.550092600002245
53,0.0004748947502446508,0.6521411596645008,0.9439772727272727,0.36382181205247577,0.8986842105263158,0.8979410387059534,1.0,0.9514705882352941,0.34122210144996645,0.906578947368421,10.536117799998465
54,0.00046934749736884306,0.6051600969921459,0.9478409090909091,0.4150885334140376,0.8723684210526316,0.8715454957865942,1.0,0.925,0.33791351318359375,0.9052631578947369,10.578636799997184
55,0.0004637139970386777,0.6067029361291365,0.9602272727272727,0.3503132070365705,0.9078947368421053,0.9071763927554773,1.0,0.9558823529411765,0.33684724600691546,0.906578947368421,10.606925199997931
56,0.000457997126851218,0.6596115218509327,0.9397727272727273,0.39167889952659607,0.8710526315789474,0.8703804766171045,1.0,0.9514705882352941,0.3394327257808886,0.9026315789473685,10.526192000001174
57,0.00045219980698892607,0.646002965406938,0.9365909090909091,0.3975628090532202,0.8802631578947369,0.8789128088160346,1.0,0.9485294117647058,0.3416378620423769,0.906578947368421,10.563152999999147
58,0.0004463249987280305,0.635308929681778,0.9394318181818182,0.38984270597759046,0.8802631578947369,0.8797207253212236,1.0,0.9441176470588235,0.33820162415504457,0.9092105263157895,10.552827499999694
59,0.000440375702925904,0.6393199058012529,0.9427272727272727,0.3393488843190043,0.9013157894736842,0.9011889791224711,1.0,0.9573529411764706,0.33831546243868377,0.9105263157894737,10.547788500000024
60,0.0004343549584882226,0.6480448127876629,0.9393181818181818,0.351169384780683,0.906578947368421,0.9062261802227812,1.0,0.9573529411764706,0.33775173017853183,0.9118421052631579,10.605501899997762
61,0.00042826584081669025,0.6146237271482294,0.951590909090909,0.37267761261839616,0.8855263157894737,0.8846292819650972,1.0,0.9485294117647058,0.3368388533592224,0.9171052631578948,10.614908499999729
62,0.00042211146023812037,0.6540877246856689,0.9442045454545455,0.36463663170212196,0.9026315789473685,0.9027486418940592,1.0,0.9647058823529412,0.3364985415810033,0.9157894736842105,10.559248199999274
63,0.0004158949604156783,0.6316787958145141,0.9413636363636364,0.41032530132092926,0.8710526315789474,0.871785074782176,1.0,0.9411764705882353,0.3354985685724961,0.9105263157894737,10.57496529999844
64,0.0004096195167430953,0.6238440192829479,0.9553409090909091,0.3795957863330841,0.8894736842105263,0.8893740791233963,1.0,0.9485294117647058,0.33485858346286573,0.9092105263157895,10.554966700001387
65,0.0004032883347226749,0.631360556862571,0.9528409090909091,0.4117037316686229,0.8736842105263158,0.8729603785879986,1.0,0.9323529411764706,0.33382937845430877,0.9092105263157895,10.540687299999263
66,0.0003969046483279189,0.6260617362369191,0.9510227272727273,0.4312283977081901,0.8513157894736842,0.8504166744142623,1.0,0.9073529411764706,0.3357280931974712,0.9092105263157895,10.601740300000529
67,0.0003904717183516109,0.6225931061397899,0.9581818181818181,0.40359481039800144,0.8828947368421053,0.8819619011783244,1.0,0.9382352941176471,0.33573066278507835,0.9078947368421053,10.587553999997908
68,0.0003839928307402005,0.5986468394236131,0.9665909090909091,0.400216353567023,0.8736842105263158,0.8727073572752584,1.0,0.9220588235294118,0.3348940388152474,0.9118421052631579,10.5425436000005
69,0.00037747129491533916,0.6005443359505046,0.9626136363636364,0.4241333390537061,0.8618421052631579,0.8605398311486514,1.0,0.9088235294117647,0.3331618462738238,0.9131578947368421,10.567766799998935
70,0.0003709104420834241,0.6034885894168507,0.9544318181818182,0.399110010736867,0.8736842105263158,0.8729589616582258,1.0,0.9367647058823529,0.3317449867725372,0.9171052631578948,10.62707809999847
71,0.00036431362353401533,0.6165986167300831,0.9536363636363636,0.3755906754418423,0.8934210526315789,0.8934497408603923,1.0,0.9441176470588235,0.3313505081753982,0.9131578947368421,10.592359099999157
72,0.0003576842089279937,0.6257005841081793,0.9542045454545455,0.394595898452558,0.8960526315789473,0.8955900126663885,1.0,0.9529411764705882,0.3320171566385972,0.9118421052631579,10.575092200000654
73,0.0003510255845763356,0.6212589833953164,0.9575,0.4189007813993253,0.8802631578947369,0.8799949280029729,1.0,0.9367647058823529,0.33587771058082583,0.9157894736842105,10.653030199999193
74,0.0003443411517103819,0.6119798267971386,0.9642045454545455,0.40549284282483555,0.8789473684210526,0.8788317576038442,1.0,0.9294117647058824,0.33681471943855285,0.9157894736842105,10.56626430000324
75,0.0003376343247444856,0.6400839935649525,0.9427272727272727,0.3768499283414138,0.8986842105263158,0.8982062577308412,1.0,0.9544117647058824,0.33631623920641446,0.9131578947368421,10.583281399998668
76,0.0003309085295319264,0.5885285990888423,0.9652272727272727,0.391690867198141,0.8789473684210526,0.8778671723867344,1.0,0.9367647058823529,0.3336253523826599,0.9157894736842105,11.941340200002742
77,0.0003241672016149815,0.5952003167976032,0.9630681818181818,0.3911568108357881,0.8855263157894737,0.8844140565327402,1.0,0.9426470588235294,0.33292533504335503,0.9171052631578948,11.70341980000012
78,0.00031741378447004763,0.6042923943562941,0.9571590909090909,0.3709599152991646,0.8828947368421053,0.8817205928388037,1.0,0.9411764705882353,0.33450309414612617,0.9171052631578948,11.55906270000196
79,0.00031065172774871004,0.576966793753884,0.9721590909090909,0.38500265792796484,0.8894736842105263,0.8886824036346714,1.0,0.9441176470588235,0.3352056804456209,0.9105263157894737,11.278281400002015
80,0.00030388448551565744,0.6196383812210776,0.9607954545454546,0.4230788789297405,0.8855263157894737,0.8848305957973744,1.0,0.9529411764705882,0.33773566704047353,0.9131578947368421,11.408658799999102
81,0.0002971155144843426,0.6065013415163214,0.9632954545454545,0.39044378117511147,0.8776315789473684,0.8764063842887208,1.0,0.9470588235294117,0.3389212357370477,0.9078947368421053,11.48607930000071
82,0.0002903482722512899,0.6447785810990767,0.9480681818181819,0.3827557203016783,0.9,0.8994705016719606,1.0,0.9558823529411765,0.34105979517886514,0.9039473684210526,11.486291000001074
83,0.0002835862155299524,0.587632721120661,0.9664772727272727,0.4107354810363368,0.8842105263157894,0.8842064206923451,1.0,0.9382352941176471,0.34126366031797306,0.9039473684210526,11.336501199999475
84,0.00027683279838501855,0.6357680996981534,0.9572727272727273,0.38963325870664495,0.8973684210526316,0.8968197645043879,1.0,0.9588235294117647,0.34282688278900947,0.906578947368421,11.362879600001179
85,0.00027009147046807365,0.6057289346781644,0.9601136363636363,0.37132122673486406,0.9039473684210526,0.9034451996177506,1.0,0.9455882352941176,0.34436195743711373,0.906578947368421,11.343038799997885
86,0.0002633656752555145,0.586468823931434,0.9676136363636364,0.34775109542043586,0.8907894736842106,0.8908662090053774,1.0,0.9470588235294117,0.3430814642655222,0.906578947368421,11.302344200001244
87,0.00025665884828961807,0.6177983179959384,0.9534090909090909,0.3901535827862589,0.8868421052631579,0.8864976086093399,1.0,0.9529411764705882,0.3424334080595719,0.906578947368421,11.15716479999901
88,0.00024997441542366436,0.600650994235819,0.9625,0.370232030278758,0.8947368421052632,0.894224953942615,1.0,0.9588235294117647,0.34105003758480673,0.9092105263157895,11.270426999999472
89,0.00024331579107200632,0.5783585557070645,0.9711363636363637,0.3403185800502175,0.9039473684210526,0.9038076301523054,1.0,0.9573529411764706,0.3381827900284215,0.9105263157894737,11.338049999998475
90,0.0002366863764659847,0.602917371338064,0.9532954545454545,0.3656757564921128,0.8960526315789473,0.8960133241236783,1.0,0.9573529411764706,0.3371592474611182,0.9105263157894737,11.369279299997288
91,0.0002300895579165759,0.5901502708955244,0.9756818181818182,0.4008932013260691,0.875,0.8744545885258846,1.0,0.9573529411764706,0.3379768779403285,0.9105263157894737,11.352389499999845
92,0.0002235287050846607,0.5638269957629117,0.9714772727272727,0.37726649234169407,0.8947368421052632,0.8943958475448015,1.0,0.9514705882352941,0.3390726983547211,0.9118421052631579,11.33208949999971
93,0.00021700716925979942,0.607940396937457,0.959659090909091,0.4043210892300857,0.8697368421052631,0.8690826336293463,1.0,0.9338235294117647,0.3426199665195064,0.9144736842105263,11.351349600001413
94,0.00021052828164838913,0.5912942934036255,0.9679545454545454,0.3900075805814643,0.8894736842105263,0.888643513712925,1.0,0.9529411764705882,0.3435131665907408,0.9144736842105263,11.360937500001455
95,0.00020409535167208103,0.6064374706961891,0.9614772727272727,0.3715479800575658,0.8960526315789473,0.8951796808290181,1.0,0.9573529411764706,0.34285061516259846,0.9157894736842105,11.299844599998323
96,0.00019771166527732506,0.5935252144119957,0.9644318181818182,0.4106801086350491,0.8789473684210526,0.8779601279333503,1.0,0.9308823529411765,0.3425385318304363,0.9144736842105263,11.319729099999677
97,0.00019138048325690465,0.6021063063361428,0.9702272727272727,0.38931864719641834,0.8789473684210526,0.8780413768990458,1.0,0.9352941176470588,0.34194103134305853,0.9118421052631579,11.303546400002233
98,0.00018510503958432174,0.5703349653157321,0.9711363636363637,0.37312919246523,0.8907894736842106,0.8905984573334298,1.0,0.9485294117647058,0.3419440015366203,0.9105263157894737,11.222364799999923
99,0.0001788885397618797,0.592937292510813,0.9673863636363637,0.3725723265033019,0.8881578947368421,0.8876794817015407,1.0,0.9411764705882353,0.3415912035264467,0.9092105263157895,11.109652999999525
100,0.00017273415918330973,0.6029163100502708,0.9604545454545454,0.40503853261470796,0.8710526315789474,0.8711098889507186,1.0,0.925,0.3430754821551473,0.906578947368421,11.151346799997555
101,0.00016664504151177735,0.6029380384358493,0.9657954545454546,0.3705861132395895,0.8960526315789473,0.8954476225164271,1.0,0.9661764705882353,0.34356191472003333,0.9118421052631579,11.373876600002404
102,0.00016062429707409598,0.5917311774600635,0.9703409090909091,0.36927257431180854,0.8986842105263158,0.898740583940952,1.0,0.9602941176470589,0.3433309448392768,0.9118421052631579,11.125315299999784
103,0.00015467500127196946,0.602571702003479,0.9625,0.3871397310181668,0.8894736842105263,0.889023042100914,1.0,0.95,0.34399928136875757,0.9131578947368421,11.024848699998984
104,0.0001488001930110739,0.5744256236336448,0.9782954545454545,0.38230470544413514,0.8881578947368421,0.8873647618285483,1.0,0.9470588235294117,0.34573195608038654,0.9118421052631579,11.295165699997597
105,0.00014300287314878202,0.6186433027007363,0.9517045454545454,0.3548347880965785,0.8973684210526316,0.8973193620232494,1.0,0.9602941176470589,0.3458128276624178,0.9092105263157895,11.221117799999774
106,0.00013728600296132235,0.579380330172452,0.9707954545454546,0.39561229442295276,0.8776315789473684,0.8760582529868861,1.0,0.9338235294117647,0.3454731185185282,0.9052631578947369,11.211105599999428
107,0.00013165250263115694,0.6054664415662939,0.9568181818181818,0.35692805271399647,0.8960526315789473,0.8956862666377526,1.0,0.961764705882353,0.3466001018097526,0.9052631578947369,11.309874799997488
108,0.0001261052497553492,0.5862595549496737,0.9618181818181818,0.3337750885047411,0.9078947368421053,0.9076837500736719,1.0,0.9676470588235294,0.3458396516348186,0.9039473684210526,11.330623199999536
109,0.0001206470778756849,0.6181023545698686,0.9586363636363636,0.34761071393364357,0.9026315789473685,0.9020980935255496,1.0,0.9485294117647058,0.3434979084290956,0.9078947368421053,11.27015350000147
110,0.0001152807750312964,0.5992784445936029,0.9528409090909091,0.3690206427323191,0.8921052631578947,0.8918611807820934,1.0,0.9485294117647058,0.34331046750670985,0.9078947368421053,11.25279049999881
111,0.00011000908233452982,0.6013747685605829,0.9668181818181818,0.3737519116778123,0.8894736842105263,0.8887596769038278,1.0,0.9470588235294117,0.34330982440396357,0.9092105263157895,11.446671099998639
112,0.00010483469257078224,0.5552120479670438,0.9661363636363637,0.4057294746762828,0.881578947368421,0.8810764912649143,1.0,0.9235294117647059,0.343626805669383,0.9105263157894737,11.412389100001747
113,9.976024882302456e-05,0.5761493981968273,0.9806818181818182,0.35374265909194946,0.9078947368421053,0.9075697730424649,1.0,0.961764705882353,0.34466649168416075,0.9078947368421053,11.397168699997565
114,9.478834312171236e-05,0.6267887043952942,0.9514772727272728,0.37882096155693656,0.9052631578947369,0.9046368440394458,1.0,0.9588235294117647,0.34504956791275426,0.906578947368421,11.4524765999995
115,8.992151512077429e-05,0.5790954511815851,0.9656818181818182,0.3629225872064892,0.9131578947368421,0.9128100543599175,1.0,0.9588235294117647,0.3450496472810444,0.9078947368421053,11.45811859999958
116,8.516225080035476e-05,0.6119146589799361,0.9532954545454545,0.38471430759680897,0.8855263157894737,0.8849645062271826,1.0,0.9455882352941176,0.346866406735621,0.906578947368421,11.340772100000322
117,8.051298119697266e-05,0.5647024603323503,0.9743181818181819,0.3578977887567721,0.8907894736842106,0.890531884033037,1.0,0.9485294117647058,0.34681637428308787,0.9052631578947369,11.446176900000864
118,7.597608116174637e-05,0.5928681121089242,0.9617045454545454,0.40909913684192456,0.8697368421052631,0.8692572708415481,1.0,0.9279411764705883,0.35023619046336724,0.9052631578947369,11.386595799998759
119,7.155386814731662e-05,0.5960811792720447,0.9701136363636363,0.36056390075307143,0.9026315789473685,0.9024659951512186,1.0,0.9544117647058824,0.3522289880012211,0.906578947368421,11.347192199998972
120,6.724860102409081e-05,0.6011988520622253,0.9535227272727272,0.36581613703777915,0.9026315789473685,0.9022737008943207,1.0,0.9632352941176471,0.35332617461681365,0.9052631578947369,11.119114499997522
121,6.306247892640888e-05,0.587022220438177,0.9675,0.40546601947985195,0.8802631578947369,0.8797654425102408,1.0,0.9367647058823529,0.3537966278038527,0.9039473684210526,11.145131500001298
122,5.899764012922409e-05,0.5821771108020436,0.9714772727272727,0.3656547149545268,0.8947368421052632,0.8942900583898125,1.0,0.9514705882352941,0.35513458251953123,0.9052631578947369,11.201864200000273
123,5.5056160955870474e-05,0.5998698428544131,0.9607954545454546,0.34941133182299766,0.8986842105263158,0.8981185894088786,1.0,0.9485294117647058,0.35469777991897183,0.9052631578947369,11.10234760000094
124,5.1240054717474066e-05,0.5758272332494909,0.9747727272727272,0.37419650444858954,0.8881578947368421,0.887483518666078,1.0,0.9470588235294117,0.3536930280296426,0.9052631578947369,11.160502699996869
125,4.755127068455278e-05,0.5811547112464904,0.9753409090909091,0.3648704122555883,0.9026315789473685,0.902044689526232,1.0,0.95,0.35427270139518535,0.9052631578947369,11.156238100000337
126,4.399169309132677e-05,0.5898055943575773,0.9678409090909091,0.3635518925754648,0.8960526315789473,0.8954210880125941,1.0,0.9441176470588235,0.35452198229337994,0.9052631578947369,11.156899800000247
127,4.0563140173249585e-05,0.5879712706262415,0.9626136363636364,0.3704747250205592,0.8973684210526316,0.8968411648084349,1.0,0.9544117647058824,0.3564331057824587,0.9052631578947369,11.148531599999842
128,3.726736323825278e-05,0.5818563999912956,0.9770454545454546,0.3862965637131741,0.8842105263157894,0.8832734641785475,1.0,0.9382352941176471,0.3584218875357979,0.9039473684210526,11.11345209999854
129,3.41060457721751e-05,0.6426239887150851,0.9663636363636363,0.3883161850665745,0.8986842105263158,0.897880561633316,1.0,0.9485294117647058,0.36116413348599485,0.9039473684210526,11.103790100001788
130,3.1080802578837415e-05,0.5689910526709123,0.9746590909090909,0.36090939123379556,0.9039473684210526,0.9033507647577392,1.0,0.9529411764705882,0.3627208504237627,0.9026315789473685,11.20586920000278
131,2.8193178955198895e-05,0.5904648542404175,0.9668181818181818,0.3823299202479814,0.8947368421052632,0.8940482100435115,1.0,0.9544117647058824,0.36289560371323637,0.9026315789473685,11.113143599999603
132,2.544464990201774e-05,0.5951138237389652,0.9744318181818182,0.3587107605055759,0.8986842105263158,0.8981845436372099,1.0,0.9558823529411765,0.3625703505779568,0.9026315789473685,11.219918800001324
133,2.283661937042025e-05,0.6097765532406894,0.95875,0.3931123435497284,0.8921052631578947,0.8913614765502773,1.0,0.9397058823529412,0.36252104106702304,0.9026315789473685,11.176197099997808
134,2.0370419544760518e-05,0.5919345495917581,0.9704545454545455,0.35218208730220796,0.8986842105263158,0.8980773014194623,1.0,0.961764705882353,0.3633332106627916,0.9013157894736842,11.285964499998954
135,1.804731016213988e-05,0.5683464865251021,0.9751136363636363,0.37485006216325256,0.8907894736842106,0.8901997124401226,1.0,0.9529411764705882,0.3622308834602958,0.8986842105263158,11.188405100001546
136,1.5868477868931964e-05,0.5769957295331088,0.9725,0.3583651094060195,0.8907894736842106,0.8901006373169322,1.0,0.9573529411764706,0.3619143832671015,0.8986842105263158,11.155521900000167
137,1.3835035614642541e-05,0.5796066442402926,0.97375,0.378831401781032,0.8802631578947369,0.8793115947412445,1.0,0.9382352941176471,0.36205452413935413,0.8986842105263158,11.186709599998721
138,1.1948022083414199e-05,0.5967372038147666,0.9739772727272727,0.3741361919202303,0.8947368421052632,0.8940879356480151,1.0,0.9470588235294117,0.3639259738357444,0.8986842105263158,11.2506375999983
139,1.0208401163465185e-05,0.597405409487811,0.9705681818181818,0.3899682291244206,0.8894736842105263,0.8888871356823476,1.0,0.9455882352941176,0.3646444221860484,0.8986842105263158,11.22686529999919
140,8.617061454734755e-06,0.5578426944125783,0.9830681818181818,0.3554768615647366,0.8921052631578947,0.8913462470336974,1.0,0.95,0.36400933500967525,0.8973684210526316,11.163994900001853
141,7.1748158149852224e-06,0.5955078188939528,0.9711363636363637,0.36916311163651316,0.8921052631578947,0.8914493949253102,1.0,0.9544117647058824,0.36343263324938324,0.8973684210526316,11.101790900000196
142,5.882400944593751e-06,0.5927033686637878,0.9663636363636363,0.3540390019354067,0.8973684210526316,0.8968938609419693,1.0,0.9529411764705882,0.36349270453578547,0.8960526315789473,11.160738799997489
143,4.740477010244959e-06,0.574864173043858,0.9763636363636363,0.36217635305304274,0.8986842105263158,0.8982250422866207,1.0,0.9529411764705882,0.3628997001208757,0.8947368421052632,11.242423800002143
144,3.7496273077172435e-06,0.5821704681353136,0.97125,0.3693120057645597,0.8934210526315789,0.8926551923646532,1.0,0.9485294117647058,0.3628197916244206,0.8947368421052632,11.253296099999716
145,2.9103579639347222e-06,0.6092628498510881,0.9620454545454545,0.38074067799668565,0.8894736842105263,0.8887907683898861,1.0,0.9441176470588235,0.363706889591719,0.8947368421052632,11.29512369999793
146,2.223097678437247e-06,0.607814116044478,0.9681818181818181,0.3752455863513445,0.8947368421052632,0.894203576432324,1.0,0.9544117647058824,0.3646829705489309,0.8934210526315789,11.219016799997917
147,1.6881975044002091e-06,0.6121909645470706,0.9651136363636363,0.3919048914783879,0.8986842105263158,0.8982765712332414,1.0,0.9514705882352941,0.3654165975357357,0.8934210526315789,11.085803699999815
148,1.3059306693162125e-06,0.6196602942726829,0.9602272727272727,0.3816957171026029,0.8868421052631579,0.8861058275031756,1.0,0.9411764705882353,0.3668833682411595,0.8947368421052632,11.146300899999915
149,1.0764924354303636e-06,0.6007495526833968,0.9686363636363636,0.3755621660696833,0.8947368421052632,0.8943014372241407,1.0,0.95,0.3675931427039598,0.8934210526315789,11.239191099997697
150,1e-06,0.5780148510499434,0.9721590909090909,0.3706861000312002,0.8947368421052632,0.8940539505923818,1.0,0.9529411764705882,0.3672184188114969,0.8934210526315789,11.141820299999381
